n1:      3000
n2:      3000
n:       9000000
nPer:    9000000
size:    1
threads: 3
cmps:    0
tacts:   0
dhtime:  6.97267
btime:   1.44235e-06
time:    6.97267
